"LO"	"HI"	"INIT"	"PRIOR"	"PR_SD"	"PR_type"	"PHASE"	"desc"
0	1.21	0.915603613666818	0.915603613666818	0.478254858446132	6	4	"# NatM_break_1_Fem_GP_1_BLK1add_2005"
0	1.21	0.810334361430944	0.810334361430944	0.541810866619725	6	4	"# NatM_break_1_Fem_GP_1_BLK1add_2006"
0	1.21	0.273532667063162	0.273532667063162	0.182964696096548	6	4	"# NatM_break_1_Fem_GP_1_BLK1add_2018"
0	1.21	0.255704554841386	0.255704554841386	0.221238094816736	6	4	"# NatM_break_1_Fem_GP_1_BLK1add_2019"
0	1.21	0.979227055749548	0.979227055749548	0.709221832716833	6	4	"# NatM_break_1_Fem_GP_2_BLK1add_2005"
0	1.21	0.357059522118678	0.357059522118678	0.202965243976878	6	4	"# NatM_break_1_Fem_GP_2_BLK1add_2006"
0	1.21	0.270523541505894	0.270523541505894	0.182261190747411	6	4	"# NatM_break_1_Fem_GP_2_BLK1add_2018"
0	1.21	0.0981172048914259	0.0981172048914259	0.0778141199965907	6	4	"# NatM_break_1_Fem_GP_2_BLK1add_2019"
0	1.21	1.01036900653782	1.01036900653782	0.866724849339279	6	4	"# NatM_break_1_Fem_GP_3_BLK1add_2005"
0	1.21	0.244735149817969	0.244735149817969	0.140171118084167	6	4	"# NatM_break_1_Fem_GP_3_BLK1add_2006"
0	1.21	0.260904073572573	0.260904073572573	0.165914408551618	6	4	"# NatM_break_1_Fem_GP_3_BLK1add_2018"
0	1.21	0.0718606718937277	0.0718606718937277	0.0605196849754684	6	4	"# NatM_break_1_Fem_GP_3_BLK1add_2019"
0	1.21	0.974948328814431	0.974948328814431	0.964309366263802	6	4	"# NatM_break_1_Fem_GP_4_BLK1add_2005"
0	1.21	0.238347896704158	0.238347896704158	0.139212728432616	6	4	"# NatM_break_1_Fem_GP_4_BLK1add_2006"
0	1.21	0.265488181916615	0.265488181916615	0.174319920740256	6	4	"# NatM_break_1_Fem_GP_4_BLK1add_2018"
0	1.21	0.0732829153862276	0.0732829153862276	0.065502112954538	6	4	"# NatM_break_1_Fem_GP_4_BLK1add_2019"
0	1.21	0.924597220290028	0.924597220290028	0.915121995491813	6	4	"# NatM_break_1_Fem_GP_5_BLK1add_2005"
0	1.21	0.0884385962040278	0.0884385962040278	0.0608748397284287	6	4	"# NatM_break_1_Fem_GP_5_BLK1add_2006"
0	1.21	0.254314050774489	0.254314050774489	0.145001571089727	6	4	"# NatM_break_1_Fem_GP_5_BLK1add_2018"
0	1.21	0.0473475844713314	0.0473475844713314	0.0501122694521577	6	4	"# NatM_break_1_Fem_GP_5_BLK1add_2019"
0	1.21	0.241776197148309	0.241776197148309	0.227294842697352	6	4	"# NatM_break_1_Fem_GP_6_BLK1add_2005"
0	1.21	0.0012301925019332	0.0012301925019332	0.00058538918467106	6	4	"# NatM_break_1_Fem_GP_6_BLK1add_2006"
0	1.21	0.0463221566816254	0.0463221566816254	0.0260584838716581	6	4	"# NatM_break_1_Fem_GP_6_BLK1add_2018"
0	1.21	0.0109290317446471	0.0109290317446471	0.0110057842228497	6	4	"# NatM_break_1_Fem_GP_6_BLK1add_2019"
0	1.21	0.241776197148309	0.241776197148309	0.227294842697352	6	4	"# NatM_break_1_Fem_GP_7_BLK1add_2005"
0	1.21	0.0012301925019332	0.0012301925019332	0.00058538918467106	6	4	"# NatM_break_1_Fem_GP_7_BLK1add_2006"
0	1.21	0.0463221566816254	0.0463221566816254	0.0260584838716581	6	4	"# NatM_break_1_Fem_GP_7_BLK1add_2018"
0	1.21	0.0109290317446471	0.0109290317446471	0.0110057842228497	6	4	"# NatM_break_1_Fem_GP_7_BLK1add_2019"
0	1.21	0.241776197148309	0.241776197148309	0.227294842697352	6	4	"# NatM_break_1_Fem_GP_8_BLK1add_2005"
0	1.21	0.0012301925019332	0.0012301925019332	0.00058538918467106	6	4	"# NatM_break_1_Fem_GP_8_BLK1add_2006"
0	1.21	0.0463221566816254	0.0463221566816254	0.0260584838716581	6	4	"# NatM_break_1_Fem_GP_8_BLK1add_2018"
0	1.21	0.0109290317446471	0.0109290317446471	0.0110057842228497	6	4	"# NatM_break_1_Fem_GP_8_BLK1add_2019"
0	1.21	0.241776197148309	0.241776197148309	0.227294842697352	6	4	"# NatM_break_1_Fem_GP_9_BLK1add_2005"
0	1.21	0.0012301925019332	0.0012301925019332	0.00058538918467106	6	4	"# NatM_break_1_Fem_GP_9_BLK1add_2006"
0	1.21	0.0463221566816254	0.0463221566816254	0.0260584838716581	6	4	"# NatM_break_1_Fem_GP_9_BLK1add_2018"
0	1.21	0.0109290317446471	0.0109290317446471	0.0110057842228497	6	4	"# NatM_break_1_Fem_GP_9_BLK1add_2019"
0	1.21	0.241776197148309	0.241776197148309	0.227294842697352	6	4	"# NatM_break_1_Fem_GP_10_BLK1add_2005"
0	1.21	0.0012301925019332	0.0012301925019332	0.00058538918467106	6	4	"# NatM_break_1_Fem_GP_10_BLK1add_2006"
0	1.21	0.0463221566816254	0.0463221566816254	0.0260584838716581	6	4	"# NatM_break_1_Fem_GP_10_BLK1add_2018"
0	1.21	0.0109290317446471	0.0109290317446471	0.0110057842228497	6	4	"# NatM_break_1_Fem_GP_10_BLK1add_2019"
0	1.21	0.241776197148309	0.241776197148309	0.227294842697352	6	4	"# NatM_break_1_Fem_GP_11_BLK1add_2005"
0	1.21	0.0012301925019332	0.0012301925019332	0.00058538918467106	6	4	"# NatM_break_1_Fem_GP_11_BLK1add_2006"
0	1.21	0.0463221566816254	0.0463221566816254	0.0260584838716581	6	4	"# NatM_break_1_Fem_GP_11_BLK1add_2018"
0	1.21	0.0109290317446471	0.0109290317446471	0.0110057842228497	6	4	"# NatM_break_1_Fem_GP_11_BLK1add_2019"
0	1.21	0.241776197148309	0.241776197148309	0.227294842697352	6	4	"# NatM_break_1_Fem_GP_12_BLK1add_2005"
0	1.21	0.0012301925019332	0.0012301925019332	0.00058538918467106	6	4	"# NatM_break_1_Fem_GP_12_BLK1add_2006"
0	1.21	0.0463221566816254	0.0463221566816254	0.0260584838716581	6	4	"# NatM_break_1_Fem_GP_12_BLK1add_2018"
0	1.21	0.0109290317446471	0.0109290317446471	0.0110057842228497	6	4	"# NatM_break_1_Fem_GP_12_BLK1add_2019"
0	1.21	0.241776197148309	0.241776197148309	0.227294842697352	6	4	"# NatM_break_1_Fem_GP_13_BLK1add_2005"
0	1.21	0.0012301925019332	0.0012301925019332	0.00058538918467106	6	4	"# NatM_break_1_Fem_GP_13_BLK1add_2006"
0	1.21	0.0463221566816254	0.0463221566816254	0.0260584838716581	6	4	"# NatM_break_1_Fem_GP_13_BLK1add_2018"
0	1.21	0.0109290317446471	0.0109290317446471	0.0110057842228497	6	4	"# NatM_break_1_Fem_GP_13_BLK1add_2019"
0	1.21	0.241776197148309	0.241776197148309	0.227294842697352	6	4	"# NatM_break_1_Fem_GP_14_BLK1add_2005"
0	1.21	0.0012301925019332	0.0012301925019332	0.00058538918467106	6	4	"# NatM_break_1_Fem_GP_14_BLK1add_2006"
0	1.21	0.0463221566816254	0.0463221566816254	0.0260584838716581	6	4	"# NatM_break_1_Fem_GP_14_BLK1add_2018"
0	1.21	0.0109290317446471	0.0109290317446471	0.0110057842228497	6	4	"# NatM_break_1_Fem_GP_14_BLK1add_2019"
0	1.21	0.241776197148309	0.241776197148309	0.227294842697352	6	4	"# NatM_break_1_Fem_GP_15_BLK1add_2005"
0	1.21	0.0012301925019332	0.0012301925019332	0.00058538918467106	6	4	"# NatM_break_1_Fem_GP_15_BLK1add_2006"
0	1.21	0.0463221566816254	0.0463221566816254	0.0260584838716581	6	4	"# NatM_break_1_Fem_GP_15_BLK1add_2018"
0	1.21	0.0109290317446471	0.0109290317446471	0.0110057842228497	6	4	"# NatM_break_1_Fem_GP_15_BLK1add_2019"
0	1.21	0.241776197148309	0.241776197148309	0.227294842697352	6	4	"# NatM_break_1_Fem_GP_16_BLK1add_2005"
0	1.21	0.0012301925019332	0.0012301925019332	0.00058538918467106	6	4	"# NatM_break_1_Fem_GP_16_BLK1add_2006"
0	1.21	0.0463221566816254	0.0463221566816254	0.0260584838716581	6	4	"# NatM_break_1_Fem_GP_16_BLK1add_2018"
0	1.21	0.0109290317446471	0.0109290317446471	0.0110057842228497	6	4	"# NatM_break_1_Fem_GP_16_BLK1add_2019"
0	1.21	0.241776197148309	0.241776197148309	0.227294842697352	6	4	"# NatM_break_1_Fem_GP_17_BLK1add_2005"
0	1.21	0.0012301925019332	0.0012301925019332	0.00058538918467106	6	4	"# NatM_break_1_Fem_GP_17_BLK1add_2006"
0	1.21	0.0463221566816254	0.0463221566816254	0.0260584838716581	6	4	"# NatM_break_1_Fem_GP_17_BLK1add_2018"
0	1.21	0.0109290317446471	0.0109290317446471	0.0110057842228497	6	4	"# NatM_break_1_Fem_GP_17_BLK1add_2019"
0	1.21	0.241776197148309	0.241776197148309	0.227294842697352	6	4	"# NatM_break_1_Fem_GP_18_BLK1add_2005"
0	1.21	0.0012301925019332	0.0012301925019332	0.00058538918467106	6	4	"# NatM_break_1_Fem_GP_18_BLK1add_2006"
0	1.21	0.0463221566816254	0.0463221566816254	0.0260584838716581	6	4	"# NatM_break_1_Fem_GP_18_BLK1add_2018"
0	1.21	0.0109290317446471	0.0109290317446471	0.0110057842228497	6	4	"# NatM_break_1_Fem_GP_18_BLK1add_2019"
0	1.21	0.241776197148309	0.241776197148309	0.227294842697352	6	4	"# NatM_break_1_Fem_GP_19_BLK1add_2005"
0	1.21	0.0012301925019332	0.0012301925019332	0.00058538918467106	6	4	"# NatM_break_1_Fem_GP_19_BLK1add_2006"
0	1.21	0.0463221566816254	0.0463221566816254	0.0260584838716581	6	4	"# NatM_break_1_Fem_GP_19_BLK1add_2018"
0	1.21	0.0109290317446471	0.0109290317446471	0.0110057842228497	6	4	"# NatM_break_1_Fem_GP_19_BLK1add_2019"
0	1.21	0.241776197148309	0.241776197148309	0.227294842697352	6	4	"# NatM_break_1_Fem_GP_20_BLK1add_2005"
0	1.21	0.0012301925019332	0.0012301925019332	0.00058538918467106	6	4	"# NatM_break_1_Fem_GP_20_BLK1add_2006"
0	1.21	0.0463221566816254	0.0463221566816254	0.0260584838716581	6	4	"# NatM_break_1_Fem_GP_20_BLK1add_2018"
0	1.21	0.0109290317446471	0.0109290317446471	0.0110057842228497	6	4	"# NatM_break_1_Fem_GP_20_BLK1add_2019"
0	1.21	0.241776197148309	0.241776197148309	0.227294842697352	6	4	"# NatM_break_1_Fem_GP_21_BLK1add_2005"
0	1.21	0.0012301925019332	0.0012301925019332	0.00058538918467106	6	4	"# NatM_break_1_Fem_GP_21_BLK1add_2006"
0	1.21	0.0463221566816254	0.0463221566816254	0.0260584838716581	6	4	"# NatM_break_1_Fem_GP_21_BLK1add_2018"
0	1.21	0.0109290317446471	0.0109290317446471	0.0110057842228497	6	4	"# NatM_break_1_Fem_GP_21_BLK1add_2019"
0	1.21	0.241776197148309	0.241776197148309	0.227294842697352	6	4	"# NatM_break_1_Fem_GP_22_BLK1add_2005"
0	1.21	0.0012301925019332	0.0012301925019332	0.00058538918467106	6	4	"# NatM_break_1_Fem_GP_22_BLK1add_2006"
0	1.21	0.0463221566816254	0.0463221566816254	0.0260584838716581	6	4	"# NatM_break_1_Fem_GP_22_BLK1add_2018"
0	1.21	0.0109290317446471	0.0109290317446471	0.0110057842228497	6	4	"# NatM_break_1_Fem_GP_22_BLK1add_2019"
0	1.21	0.241776197148309	0.241776197148309	0.227294842697352	6	4	"# NatM_break_1_Fem_GP_23_BLK1add_2005"
0	1.21	0.0012301925019332	0.0012301925019332	0.00058538918467106	6	4	"# NatM_break_1_Fem_GP_23_BLK1add_2006"
0	1.21	0.0463221566816254	0.0463221566816254	0.0260584838716581	6	4	"# NatM_break_1_Fem_GP_23_BLK1add_2018"
0	1.21	0.0109290317446471	0.0109290317446471	0.0110057842228497	6	4	"# NatM_break_1_Fem_GP_23_BLK1add_2019"
0	1.21	0.241776197148309	0.241776197148309	0.227294842697352	6	4	"# NatM_break_1_Fem_GP_24_BLK1add_2005"
0	1.21	0.0012301925019332	0.0012301925019332	0.00058538918467106	6	4	"# NatM_break_1_Fem_GP_24_BLK1add_2006"
0	1.21	0.0463221566816254	0.0463221566816254	0.0260584838716581	6	4	"# NatM_break_1_Fem_GP_24_BLK1add_2018"
0	1.21	0.0109290317446471	0.0109290317446471	0.0110057842228497	6	4	"# NatM_break_1_Fem_GP_24_BLK1add_2019"
0	1.21	0.241776197148309	0.241776197148309	0.227294842697352	6	4	"# NatM_break_1_Fem_GP_25_BLK1add_2005"
0	1.21	0.0012301925019332	0.0012301925019332	0.00058538918467106	6	4	"# NatM_break_1_Fem_GP_25_BLK1add_2006"
0	1.21	0.0463221566816254	0.0463221566816254	0.0260584838716581	6	4	"# NatM_break_1_Fem_GP_25_BLK1add_2018"
0	1.21	0.0109290317446471	0.0109290317446471	0.0110057842228497	6	4	"# NatM_break_1_Fem_GP_25_BLK1add_2019"
0	1.21	0.241776197148309	0.241776197148309	0.227294842697352	6	4	"# NatM_break_1_Fem_GP_26_BLK1add_2005"
0	1.21	0.0012301925019332	0.0012301925019332	0.00058538918467106	6	4	"# NatM_break_1_Fem_GP_26_BLK1add_2006"
0	1.21	0.0463221566816254	0.0463221566816254	0.0260584838716581	6	4	"# NatM_break_1_Fem_GP_26_BLK1add_2018"
0	1.21	0.0109290317446471	0.0109290317446471	0.0110057842228497	6	4	"# NatM_break_1_Fem_GP_26_BLK1add_2019"
0	1.21	0.241776197148309	0.241776197148309	0.227294842697352	6	4	"# NatM_break_1_Fem_GP_27_BLK1add_2005"
0	1.21	0.0012301925019332	0.0012301925019332	0.00058538918467106	6	4	"# NatM_break_1_Fem_GP_27_BLK1add_2006"
0	1.21	0.0463221566816254	0.0463221566816254	0.0260584838716581	6	4	"# NatM_break_1_Fem_GP_27_BLK1add_2018"
0	1.21	0.0109290317446471	0.0109290317446471	0.0110057842228497	6	4	"# NatM_break_1_Fem_GP_27_BLK1add_2019"
0	1.21	0.241776197148309	0.241776197148309	0.227294842697352	6	4	"# NatM_break_1_Fem_GP_28_BLK1add_2005"
0	1.21	0.0012301925019332	0.0012301925019332	0.00058538918467106	6	4	"# NatM_break_1_Fem_GP_28_BLK1add_2006"
0	1.21	0.0463221566816254	0.0463221566816254	0.0260584838716581	6	4	"# NatM_break_1_Fem_GP_28_BLK1add_2018"
0	1.21	0.0109290317446471	0.0109290317446471	0.0110057842228497	6	4	"# NatM_break_1_Fem_GP_28_BLK1add_2019"
0	1.21	0.241776197148309	0.241776197148309	0.227294842697352	6	4	"# NatM_break_1_Fem_GP_29_BLK1add_2005"
0	1.21	0.0012301925019332	0.0012301925019332	0.00058538918467106	6	4	"# NatM_break_1_Fem_GP_29_BLK1add_2006"
0	1.21	0.0463221566816254	0.0463221566816254	0.0260584838716581	6	4	"# NatM_break_1_Fem_GP_29_BLK1add_2018"
0	1.21	0.0109290317446471	0.0109290317446471	0.0110057842228497	6	4	"# NatM_break_1_Fem_GP_29_BLK1add_2019"
0	1.21	0.241776197148309	0.241776197148309	0.227294842697352	6	4	"# NatM_break_1_Fem_GP_30_BLK1add_2005"
0	1.21	0.0012301925019332	0.0012301925019332	0.00058538918467106	6	4	"# NatM_break_1_Fem_GP_30_BLK1add_2006"
0	1.21	0.0463221566816254	0.0463221566816254	0.0260584838716581	6	4	"# NatM_break_1_Fem_GP_30_BLK1add_2018"
0	1.21	0.0109290317446471	0.0109290317446471	0.0110057842228497	6	4	"# NatM_break_1_Fem_GP_30_BLK1add_2019"
0	1.21	0.241776197148309	0.241776197148309	0.227294842697352	6	4	"# NatM_break_1_Fem_GP_31_BLK1add_2005"
0	1.21	0.0012301925019332	0.0012301925019332	0.00058538918467106	6	4	"# NatM_break_1_Fem_GP_31_BLK1add_2006"
0	1.21	0.0463221566816254	0.0463221566816254	0.0260584838716581	6	4	"# NatM_break_1_Fem_GP_31_BLK1add_2018"
0	1.21	0.0109290317446471	0.0109290317446471	0.0110057842228497	6	4	"# NatM_break_1_Fem_GP_31_BLK1add_2019"
0	1.21	0.241776197148309	0.241776197148309	0.227294842697352	6	4	"# NatM_break_1_Fem_GP_32_BLK1add_2005"
0	1.21	0.0012301925019332	0.0012301925019332	0.00058538918467106	6	4	"# NatM_break_1_Fem_GP_32_BLK1add_2006"
0	1.21	0.0463221566816254	0.0463221566816254	0.0260584838716581	6	4	"# NatM_break_1_Fem_GP_32_BLK1add_2018"
0	1.21	0.0109290317446471	0.0109290317446471	0.0110057842228497	6	4	"# NatM_break_1_Fem_GP_32_BLK1add_2019"
0	1.21	0.241776197148309	0.241776197148309	0.227294842697352	6	4	"# NatM_break_1_Fem_GP_33_BLK1add_2005"
0	1.21	0.0012301925019332	0.0012301925019332	0.00058538918467106	6	4	"# NatM_break_1_Fem_GP_33_BLK1add_2006"
0	1.21	0.0463221566816254	0.0463221566816254	0.0260584838716581	6	4	"# NatM_break_1_Fem_GP_33_BLK1add_2018"
0	1.21	0.0109290317446471	0.0109290317446471	0.0110057842228497	6	4	"# NatM_break_1_Fem_GP_33_BLK1add_2019"
